image: /home/nlchen/HKU_Robot/data/mapdata/401passage.pgm
resolution: 0.050000
origin: [-1.000000, -25.000000, 0.000000]
negate: 0
occupied_thresh: 0.65
free_thresh: 0.196

